16840646866
94541957515
05375693917
68681216791
96574216591
11203438796
04131841703
04478540705
11675243735
01620504707
05236925797
11682791785
75190206734
01639136762
59593814515
02103518705
03460154993
13421447756
07067928745
07388572708
08298013751
10091054770
00138439583
13573430783
16557313789
05186648728
10431046743
01505962510
14031386729
04581396530
10012478504
76881539720
92395724572
83900047553
58751017768
64880368753
39567095353
12481803728
17584590500
31496350715
07210147713
13288691728
11508303797
55584870706
16562420792
90518349691
69948542720
81972423568
64449483553
02769597523
80847668568
11053672748
09144868707
83599169772
81814747591
05647521770
98661752515
81674228520
12020426781
14482372706
07342606790
59882417515
12224566727
13227166763
12298147795
17581451534
82205523520
00360016782
82253803715
70123136768
01389117545
88882845753
09239849769
94561524568
87311364787
82792895500
93000286500
07174790075
71081330759
22306712867
06945906906
00590381443
11695562720
09322259779
14536422773
13638791700
00376898356
05712016796
05531935706
93236034572
00990093905
80511066791
44887140720
03176476523
64542980782
68264240534
01398918547
63474573500
03661534718
00466372574
12654784738
11884709737
04152030747
53906667553
02027980547
07885092763
92843182549
08315653733
03067411560
03486916530
81258755572
89058488772
08003773709
69979006749
02727937792
09752337775
16113429738
09641110713
51025191587
02602616702
02720479705
13170142780
02601069767
01016724705
14098471795
06081469786
08072849719
14756880754
08712294713
01389928780
08110693709
11171791763
33223614893
35214020880
13299724738
00922931585
12922364771
09952387741
10095131760
05434257707
13069937764
08235484730
14051444759
01686579535
09250312750
88910113553
05624145764
11194334792
09576221714
12116908736
08860968712
45274789587
11651541701
44008716572
99904896534
99833239587
05839918741
09961635736
08685503701
25887319534
10542606720
09128402774
02178733751
97922170530
09441737720
11513204718
00473312590
08696809785
78789079515
02096266742
08545976704
98352989715
03333229757
68433506749
08355179773
03333521733
91605105520
06922219724
02837896624
01629799750
02091139360
53547985587
00381339700
00273509594
02109744510
01974577708
12233413725
48628077715
01627843507
35332056818
10283342730
10485697726
19502621549
08359105553
09301497778
46697802715
01411273508
12377639755
06107665706
45494053504
01000953564
10933276770
10621118770
13859395307
05257444798
11823514766
00627611532
12114118770
11584979704
17908008704
02116229588
00927293714
03856772782
28174803840
96027576553
00873280547
02301991784
10932028748
00000129886
00264820703
00449064719
29945097920
87104946420
56435100578
01402869770
41726457800
14481833750
94959439572
14296625730
02223453570
13542074756
00496638793
13515842780
05940615716
08310390785
01308454503
01497331781
01257264737
97433969772
09243713744
24543268415
41765877415
13305365765
13490950798
01398910562
04161938705
10431031711
03223819754
13188214790
12974696740
21671559568
78126215534
01627843507
81674228520
01505962510
17581451534
95780947520
45494053504
02096266742
00273509594
02116229588
89058488772
59593814515
94561524568
02769597523
04581396530
35214020880
81972423568
02837896624
02223453570
99833239587
00922931585
03460154993
00990093905
63474573500
00873280547
44008716572
17584590500
08359105553
53906667553
07840287700
39144784899
36604224520
40679980822
70535949804
01309698503
03487887541
37020005934
16835064803
06386661559
86022245591
01970354500
02483439551
73753017353
90769171591
91785120506
00984366512
04342759560
01873165544
82687730572
83040471520
06092610612
53630920500
35107481825
47735356870
27935541801
21864915838
22427732320
26501761808
10827424817
10355622785
39161498300
33782806549
62862685534
05572936502
28150175806
17894782866
99543591504
17451866890
87447746568
06874222805
05570477497
22112010832
82045968553
28497671821
99350157500
29947303837
37995680856
92685200525
05506281501
99089971572
15690711799
02301991784
31374879860
13305365765
30473513846
01072902516
61260851591
34367039404
42703794568
70240698568
43949495568
02254510509
02371222518
34245499320
30856421880
87221888353
15580882882
32006802372
00567500802
77764277800
30576204854
08252907830
82687234591
88709124500
03165285527
64449483553
45274789587
01411273508
10012478504
39567095353
94541957515
96574216591
92395724572
83900047553
98661752515
82792895500
00376898356
93236034572
03176476523
68264240534
01398918547
81258755572
51025191587
13299724738
01686579535
88910113553
25887319534
00473312590
91605105520
02091139360
02109744510
01000953564
96027576553
00449064719
87104946420
71461167353
91709334568
00692667512
31929206534
81475071515
31055416838
01933721855
21785549898
10887124798
80262147572
30385745893
